29,
31,
29,
31,
29,
31,
29,
31,
29,
31,
29,
31,
29,
31,
29,
31,
29,
31,
29,
31,
29,
31,
29,
31,
29,
31,
29,
31,
29,
31,
29,
31,
29,
31,
29,
31,
29,
31,
29,
31,
29,
31,
29,
31,
29,
31,
29,
31,
29,
31,
29,
31,
29,
31,
29,
31,
29,
31,
29,
31,
29,
31,
29,
31,
21,
23,
21,
23,
18,
20,
19,
21,
19,
21,
31,
33,
28,
30,
10,
12,
12,
14,
12,
14,
14,
16,
16,
18,
11,
13,
13,
15,
10,
12,
21,
23,
29,
31,
12,
14,
21,
23,
20,
22,
22,
24,
20,
22,
19,
21,
20,
22,
19,
21,
20,
22,
10,
12,
11,
13,
13,
15,
15,
17,
13,
15,
19,
21,
28,
30,
30,
32,
20,
22,
23,
25,
24,
26,
20,
22,
19,
21,
23,
25,
22,
24,
11,
13,
11,
13,
23,
25,
19,
21,
30,
32,
26,
28,
28,
30,
20,
22,
28,
30,
25,
27,
19,
21,
28,
30,
31,
33,
31,
33,
41,
43,
29,
31,
29,
31,
22,
24,
11,
13,
21,
23,
11,
13,
12,
14,
21,
23,
12,
14,
26,
28,
17,
19,
20,
22,
21,
23,
17,
19,
17,
19,
20,
22,
19,
21,
10,
12,
10,
12,
19,
21,
17,
19,
24,
26,
21,
23,
23,
25,
17,
19,
24,
26,
21,
23,
16,
18,
23,
25,
25,
27,
26,
28,
33,
35,
24,
26,
24,
26,
18,
20,
16,
18,
7,
9,
15,
17,
13,
15,
29,
31,
29,
31,
29,
31,
29,
31,
29,
31,
29,
31,
29,
31,
29,
31,
29,
31,
29,
31,
29,
31,
29,
31,
29,
31,
29,
31,
29,
31,
29,
31,
29,
31,
29,
31,
12,
14,
11,
13,
29,
31,
29,
31,
29,
31,
29,
31,
29,
31,
29,
31,
29,
31,
29,
31,
29,
31,
29,
31,
29,
31,
29,
31,
29,
31,
21,
23,
21,
23,
18,
20,
20,
22,
19,
21,
29,
31,
6,
8,
16,
18,
14,
16,
28,
30,
19,
21,
17,
19,
24,
26,
13,
15,
28,
30,
13,
15,
14,
16,
20,
22,
15,
17,
14,
16,
11,
13,
32,
34,
20,
22,
20,
22,
19,
21,
9,
11,
18,
20,
18,
20,
27,
29,
25,
27,
30,
32,
19,
21,
29,
31,
18,
20,
19,
21,
19,
21,
25,
27,
19,
21,
31,
33,
20,
22,
25,
27,
25,
27,
23,
25,
31,
33,
29,
31,
21,
23,
27,
29,
20,
22,
20,
22,
22,
24,
27,
29,
28,
30,
28,
30,
28,
30,
24,
26,
18,
20,
30,
32,
33,
35,
21,
23,
27,
29,
20,
22,
22,
24,
35,
37,
24,
26,
25,
27,
16,
18,
16,
18,
16,
18,
22,
24,
16,
18,
27,
29,
17,
19,
20,
22,
20,
22,
18,
20,
25,
27,
23,
25,
18,
20,
22,
24,
18,
20,
16,
18,
19,
21,
22,
24,
23,
25,
24,
26,
23,
25,
21,
23,
17,
19,
27,
29,
30,
32,
17,
19,
23,
25,
16,
18,
19,
21,
29,
31,
20,
22,
