8,
10,
8,
10,
8,
10,
8,
10,
8,
10,
8,
10,
8,
10,
8,
10,
8,
10,
8,
10,
8,
10,
8,
10,
8,
10,
8,
10,
8,
10,
8,
10,
8,
10,
8,
10,
8,
10,
8,
10,
8,
10,
8,
10,
8,
10,
8,
10,
8,
10,
8,
10,
8,
10,
8,
10,
8,
10,
8,
10,
8,
10,
8,
10,
4,
6,
4,
6,
6,
8,
6,
8,
7,
9,
9,
11,
8,
10,
4,
6,
5,
7,
5,
7,
5,
7,
7,
9,
4,
6,
6,
8,
4,
6,
5,
7,
9,
11,
5,
7,
7,
9,
7,
9,
7,
9,
7,
9,
7,
9,
7,
9,
7,
9,
7,
9,
4,
6,
4,
6,
7,
9,
6,
8,
7,
9,
7,
9,
9,
11,
9,
11,
7,
9,
8,
10,
8,
10,
7,
9,
7,
9,
8,
10,
8,
10,
5,
7,
5,
7,
8,
10,
7,
9,
11,
13,
9,
11,
9,
11,
7,
9,
9,
11,
8,
10,
7,
9,
8,
10,
10,
12,
9,
11,
12,
14,
9,
11,
9,
11,
7,
9,
5,
7,
5,
7,
5,
7,
5,
7,
5,
7,
4,
6,
9,
11,
7,
9,
8,
10,
8,
10,
7,
9,
7,
9,
8,
10,
8,
10,
5,
7,
5,
7,
8,
10,
7,
9,
11,
13,
9,
11,
9,
11,
7,
9,
9,
11,
8,
10,
7,
9,
9,
11,
10,
12,
9,
11,
12,
14,
9,
11,
9,
11,
7,
9,
5,
7,
3,
5,
5,
7,
5,
7,
8,
10,
8,
10,
8,
10,
4,
6,
6,
8,
6,
8,
11,
13,
6,
8,
7,
9,
5,
7,
12,
14,
7,
9,
7,
9,
13,
15,
8,
10,
7,
9,
8,
10,
8,
10,
4,
6,
4,
6,
6,
8,
6,
8,
5,
7,
4,
6,
9,
11,
3,
5,
11,
13,
7,
9,
7,
9,
13,
15,
8,
10,
7,
9,
9,
11,
4,
6,
4,
6,
6,
8,
7,
9,
7,
9,
9,
11,
3,
5,
6,
8,
3,
5,
9,
11,
0,
2,
7,
9,
0,
2,
8,
10,
9,
11,
2,
4,
4,
6,
0,
2,
5,
7,
4,
6,
5,
7,
10,
12,
7,
9,
7,
9,
8,
10,
4,
6,
0,
2,
7,
9,
9,
11,
9,
11,
10,
12,
7,
9,
9,
11,
8,
10,
8,
10,
8,
10,
9,
11,
8,
10,
12,
14,
7,
9,
10,
12,
12,
14,
10,
12,
9,
11,
12,
14,
10,
12,
10,
12,
10,
12,
8,
10,
9,
11,
9,
11,
10,
12,
11,
13,
9,
11,
9,
11,
9,
11,
11,
13,
12,
14,
10,
12,
12,
14,
8,
10,
9,
11,
12,
14,
9,
11,
9,
11,
8,
10,
8,
10,
8,
10,
9,
11,
8,
10,
12,
14,
7,
9,
10,
12,
12,
14,
10,
12,
9,
11,
12,
14,
10,
12,
10,
12,
10,
12,
8,
10,
9,
11,
9,
11,
10,
12,
11,
13,
9,
11,
9,
11,
9,
11,
11,
13,
12,
14,
10,
12,
12,
14,
8,
10,
9,
11,
12,
14,
9,
11,
