13,
15,
13,
15,
13,
15,
13,
15,
13,
15,
13,
15,
13,
15,
13,
15,
13,
15,
13,
15,
13,
15,
13,
15,
13,
15,
13,
15,
13,
15,
13,
15,
13,
15,
13,
15,
13,
15,
13,
15,
13,
15,
13,
15,
13,
15,
13,
15,
13,
15,
13,
15,
13,
15,
13,
15,
13,
15,
13,
15,
13,
15,
13,
15,
9,
11,
9,
11,
10,
12,
9,
11,
9,
11,
14,
16,
13,
15,
6,
8,
7,
9,
7,
9,
7,
9,
11,
13,
6,
8,
9,
11,
5,
7,
9,
11,
13,
15,
6,
8,
9,
11,
9,
11,
9,
11,
9,
11,
9,
11,
10,
12,
8,
10,
9,
11,
6,
8,
6,
8,
9,
11,
10,
12,
9,
11,
9,
11,
12,
14,
13,
15,
9,
11,
10,
12,
11,
13,
9,
11,
9,
11,
10,
12,
11,
13,
6,
8,
7,
9,
12,
14,
9,
11,
15,
17,
11,
13,
12,
14,
9,
11,
12,
14,
12,
14,
9,
11,
12,
14,
14,
16,
14,
16,
18,
20,
14,
16,
13,
15,
10,
12,
6,
8,
10,
12,
6,
8,
8,
10,
10,
12,
7,
9,
11,
13,
8,
10,
9,
11,
10,
12,
8,
10,
8,
10,
9,
11,
10,
12,
5,
7,
7,
9,
11,
13,
8,
10,
13,
15,
10,
12,
11,
13,
8,
10,
11,
13,
10,
12,
8,
10,
11,
13,
12,
14,
12,
14,
17,
19,
13,
15,
11,
13,
9,
11,
7,
9,
3,
5,
7,
9,
7,
9,
12,
14,
12,
14,
12,
14,
12,
14,
12,
14,
12,
14,
12,
14,
12,
14,
12,
14,
12,
14,
12,
14,
12,
14,
12,
14,
12,
14,
12,
14,
12,
14,
12,
14,
12,
14,
7,
9,
7,
9,
12,
14,
12,
14,
12,
14,
12,
14,
12,
14,
12,
14,
12,
14,
12,
14,
12,
14,
12,
14,
12,
14,
12,
14,
12,
14,
9,
11,
9,
11,
8,
10,
10,
12,
9,
11,
14,
16,
3,
5,
7,
9,
7,
9,
12,
14,
8,
10,
9,
11,
12,
14,
8,
10,
12,
14,
11,
13,
6,
8,
11,
13,
5,
7,
5,
7,
6,
8,
14,
16,
10,
12,
8,
10,
8,
10,
5,
7,
9,
11,
9,
11,
12,
14,
12,
14,
13,
15,
9,
11,
14,
16,
8,
10,
9,
11,
8,
10,
9,
11,
9,
11,
11,
13,
10,
12,
11,
13,
11,
13,
12,
14,
9,
11,
15,
17,
11,
13,
12,
14,
10,
12,
9,
11,
10,
12,
12,
14,
12,
14,
12,
14,
14,
16,
10,
12,
7,
9,
13,
15,
15,
17,
8,
10,
10,
12,
7,
9,
8,
10,
16,
18,
12,
14,
11,
13,
8,
10,
8,
10,
8,
10,
11,
13,
8,
10,
11,
13,
8,
10,
9,
11,
9,
11,
11,
13,
9,
11,
13,
15,
10,
12,
11,
13,
9,
11,
8,
10,
9,
11,
11,
13,
10,
12,
11,
13,
13,
15,
9,
11,
8,
10,
12,
14,
13,
15,
9,
11,
10,
12,
7,
9,
8,
10,
15,
17,
10,
12,
