22,
24,
22,
24,
22,
24,
22,
24,
22,
24,
22,
24,
22,
24,
22,
24,
22,
24,
22,
24,
22,
24,
22,
24,
22,
24,
22,
24,
22,
24,
22,
24,
22,
24,
22,
24,
22,
24,
22,
24,
22,
24,
22,
24,
22,
24,
22,
24,
22,
24,
22,
24,
22,
24,
22,
24,
22,
24,
22,
24,
22,
24,
22,
24,
16,
18,
16,
18,
14,
16,
14,
16,
15,
17,
23,
25,
21,
23,
8,
10,
10,
12,
9,
11,
11,
13,
12,
14,
8,
10,
10,
12,
8,
10,
16,
18,
22,
24,
9,
11,
15,
17,
15,
17,
16,
18,
15,
17,
14,
16,
15,
17,
15,
17,
14,
16,
8,
10,
8,
10,
10,
12,
12,
14,
10,
12,
15,
17,
21,
23,
22,
24,
15,
17,
17,
19,
18,
20,
15,
17,
15,
17,
17,
19,
16,
18,
8,
10,
8,
10,
17,
19,
14,
16,
22,
24,
19,
21,
21,
23,
14,
16,
21,
23,
18,
20,
14,
16,
20,
22,
23,
25,
23,
25,
31,
33,
22,
24,
22,
24,
16,
18,
9,
11,
16,
18,
8,
10,
10,
12,
15,
17,
8,
10,
19,
21,
12,
14,
15,
17,
16,
18,
13,
15,
12,
14,
15,
17,
14,
16,
7,
9,
8,
10,
14,
16,
12,
14,
19,
21,
16,
18,
18,
20,
13,
15,
18,
20,
16,
18,
13,
15,
17,
19,
19,
21,
19,
21,
24,
26,
18,
20,
19,
21,
14,
16,
12,
14,
6,
8,
12,
14,
11,
13,
21,
23,
21,
23,
21,
23,
21,
23,
21,
23,
21,
23,
21,
23,
21,
23,
21,
23,
21,
23,
21,
23,
21,
23,
21,
23,
21,
23,
21,
23,
21,
23,
21,
23,
21,
23,
8,
10,
8,
10,
21,
23,
21,
23,
21,
23,
21,
23,
21,
23,
21,
23,
21,
23,
21,
23,
21,
23,
21,
23,
21,
23,
21,
23,
21,
23,
16,
18,
16,
18,
13,
15,
14,
16,
14,
16,
22,
24,
7,
9,
12,
14,
10,
12,
21,
23,
14,
16,
14,
16,
18,
20,
10,
12,
21,
23,
10,
12,
11,
13,
15,
17,
11,
13,
11,
13,
9,
11,
24,
26,
15,
17,
14,
16,
15,
17,
7,
9,
14,
16,
13,
15,
20,
22,
20,
22,
22,
24,
15,
17,
22,
24,
13,
15,
14,
16,
14,
16,
18,
20,
14,
16,
23,
25,
15,
17,
18,
20,
18,
20,
16,
18,
22,
24,
21,
23,
15,
17,
20,
22,
15,
17,
13,
15,
16,
18,
19,
21,
21,
23,
21,
23,
21,
23,
18,
20,
14,
16,
23,
25,
25,
27,
15,
17,
19,
21,
12,
14,
16,
18,
24,
26,
17,
19,
18,
20,
10,
12,
11,
13,
11,
13,
16,
18,
12,
14,
20,
22,
12,
14,
15,
17,
15,
17,
13,
15,
18,
20,
18,
20,
13,
15,
17,
19,
12,
14,
12,
14,
14,
16,
16,
18,
18,
20,
17,
19,
17,
19,
15,
17,
12,
14,
19,
21,
22,
24,
13,
15,
16,
18,
11,
13,
14,
16,
21,
23,
15,
17,
