7,
9,
7,
9,
7,
9,
7,
9,
7,
9,
7,
9,
7,
9,
7,
9,
7,
9,
7,
9,
7,
9,
7,
9,
7,
9,
7,
9,
7,
9,
7,
9,
7,
9,
7,
9,
7,
9,
7,
9,
7,
9,
7,
9,
7,
9,
7,
9,
7,
9,
7,
9,
7,
9,
7,
9,
7,
9,
7,
9,
7,
9,
7,
9,
5,
7,
5,
7,
4,
6,
7,
9,
6,
8,
9,
11,
7,
9,
2,
4,
3,
5,
3,
5,
5,
7,
6,
8,
3,
5,
4,
6,
3,
5,
4,
6,
7,
9,
4,
6,
5,
7,
5,
7,
6,
8,
5,
7,
5,
7,
5,
7,
5,
7,
6,
8,
3,
5,
3,
5,
6,
8,
7,
9,
6,
8,
6,
8,
9,
11,
6,
8,
6,
8,
7,
9,
7,
9,
6,
8,
6,
8,
7,
9,
7,
9,
4,
6,
5,
7,
7,
9,
5,
7,
8,
10,
7,
9,
7,
9,
6,
8,
7,
9,
7,
9,
5,
7,
6,
8,
7,
9,
7,
9,
9,
11,
6,
8,
6,
8,
6,
8,
3,
5,
4,
6,
3,
5,
6,
8,
6,
8,
3,
5,
7,
9,
6,
8,
5,
7,
6,
8,
6,
8,
5,
7,
6,
8,
7,
9,
4,
6,
5,
7,
7,
9,
4,
6,
8,
10,
6,
8,
6,
8,
6,
8,
6,
8,
5,
7,
6,
8,
5,
7,
6,
8,
6,
8,
9,
11,
6,
8,
7,
9,
5,
7,
4,
6,
2,
4,
5,
7,
7,
9,
7,
9,
7,
9,
7,
9,
7,
9,
7,
9,
7,
9,
7,
9,
7,
9,
7,
9,
7,
9,
7,
9,
7,
9,
7,
9,
7,
9,
7,
9,
7,
9,
7,
9,
7,
9,
2,
4,
2,
4,
7,
9,
7,
9,
7,
9,
7,
9,
7,
9,
7,
9,
7,
9,
7,
9,
7,
9,
7,
9,
7,
9,
7,
9,
7,
9,
5,
7,
5,
7,
6,
8,
6,
8,
6,
8,
6,
8,
2,
4,
5,
7,
5,
7,
8,
10,
5,
7,
5,
7,
5,
7,
5,
7,
8,
10,
4,
6,
4,
6,
6,
8,
4,
6,
4,
6,
3,
5,
7,
9,
5,
7,
5,
7,
4,
6,
3,
5,
5,
7,
5,
7,
9,
11,
8,
10,
9,
11,
6,
8,
7,
9,
6,
8,
6,
8,
6,
8,
7,
9,
6,
8,
9,
11,
7,
9,
8,
10,
8,
10,
7,
9,
6,
8,
8,
10,
7,
9,
7,
9,
6,
8,
6,
8,
7,
9,
6,
8,
7,
9,
8,
10,
6,
8,
7,
9,
6,
8,
8,
10,
8,
10,
7,
9,
7,
9,
6,
8,
7,
9,
9,
11,
7,
9,
8,
10,
7,
9,
5,
7,
5,
7,
7,
9,
7,
9,
9,
11,
7,
9,
6,
8,
6,
8,
7,
9,
7,
9,
8,
10,
6,
8,
7,
9,
5,
7,
6,
8,
6,
8,
5,
7,
6,
8,
8,
10,
6,
8,
6,
8,
6,
8,
7,
9,
7,
9,
7,
9,
7,
9,
5,
7,
5,
7,
7,
9,
5,
7,
