12,
14,
12,
14,
12,
14,
12,
14,
12,
14,
12,
14,
12,
14,
12,
14,
12,
14,
12,
14,
12,
14,
12,
14,
12,
14,
12,
14,
12,
14,
12,
14,
12,
14,
12,
14,
12,
14,
12,
14,
12,
14,
12,
14,
12,
14,
12,
14,
12,
14,
12,
14,
12,
14,
12,
14,
12,
14,
12,
14,
12,
14,
12,
14,
8,
10,
8,
10,
7,
9,
8,
10,
8,
10,
13,
15,
12,
14,
4,
6,
5,
7,
5,
7,
6,
8,
8,
10,
5,
7,
5,
7,
5,
7,
9,
11,
12,
14,
5,
7,
9,
11,
8,
10,
9,
11,
9,
11,
8,
10,
8,
10,
7,
9,
8,
10,
5,
7,
5,
7,
6,
8,
7,
9,
6,
8,
8,
10,
11,
13,
12,
14,
7,
9,
9,
11,
10,
12,
8,
10,
8,
10,
10,
12,
9,
11,
5,
7,
5,
7,
9,
11,
8,
10,
12,
14,
10,
12,
11,
13,
9,
11,
12,
14,
10,
12,
7,
9,
11,
13,
12,
14,
13,
15,
16,
18,
12,
14,
12,
14,
10,
12,
5,
7,
9,
11,
5,
7,
5,
7,
9,
11,
5,
7,
10,
12,
7,
9,
8,
10,
8,
10,
7,
9,
7,
9,
9,
11,
7,
9,
4,
6,
4,
6,
8,
10,
7,
9,
10,
12,
9,
11,
10,
12,
7,
9,
10,
12,
9,
11,
7,
9,
9,
11,
10,
12,
10,
12,
13,
15,
10,
12,
10,
12,
7,
9,
6,
8,
3,
5,
6,
8,
6,
8,
12,
14,
12,
14,
12,
14,
12,
14,
12,
14,
12,
14,
12,
14,
12,
14,
12,
14,
12,
14,
12,
14,
12,
14,
12,
14,
12,
14,
12,
14,
12,
14,
12,
14,
12,
14,
5,
7,
6,
8,
12,
14,
12,
14,
12,
14,
12,
14,
12,
14,
12,
14,
12,
14,
12,
14,
12,
14,
12,
14,
12,
14,
12,
14,
12,
14,
8,
10,
8,
10,
7,
9,
8,
10,
7,
9,
12,
14,
3,
5,
6,
8,
6,
8,
11,
13,
9,
11,
7,
9,
10,
12,
4,
6,
11,
13,
9,
11,
7,
9,
9,
11,
7,
9,
7,
9,
5,
7,
13,
15,
9,
11,
7,
9,
7,
9,
3,
5,
8,
10,
8,
10,
11,
13,
13,
15,
12,
14,
8,
10,
12,
14,
6,
8,
6,
8,
7,
9,
10,
12,
7,
9,
11,
13,
7,
9,
9,
11,
9,
11,
8,
10,
12,
14,
11,
13,
8,
10,
10,
12,
7,
9,
8,
10,
8,
10,
10,
12,
11,
13,
10,
12,
11,
13,
8,
10,
7,
9,
11,
13,
12,
14,
8,
10,
9,
11,
6,
8,
8,
10,
13,
15,
8,
10,
9,
11,
6,
8,
6,
8,
6,
8,
9,
11,
6,
8,
10,
12,
7,
9,
8,
10,
8,
10,
7,
9,
9,
11,
9,
11,
6,
8,
9,
11,
6,
8,
6,
8,
7,
9,
8,
10,
9,
11,
9,
11,
9,
11,
8,
10,
6,
8,
10,
12,
12,
14,
7,
9,
8,
10,
6,
8,
7,
9,
12,
14,
8,
10,
