9,
11,
9,
11,
9,
11,
9,
11,
9,
11,
9,
11,
9,
11,
9,
11,
9,
11,
9,
11,
9,
11,
9,
11,
9,
11,
9,
11,
9,
11,
9,
11,
9,
11,
9,
11,
9,
11,
9,
11,
9,
11,
9,
11,
9,
11,
9,
11,
9,
11,
9,
11,
9,
11,
9,
11,
9,
11,
9,
11,
9,
11,
9,
11,
5,
7,
5,
7,
5,
7,
11,
13,
8,
10,
12,
14,
10,
12,
3,
5,
5,
7,
5,
7,
8,
10,
12,
14,
5,
7,
5,
7,
5,
7,
5,
7,
8,
10,
8,
10,
8,
10,
8,
10,
8,
10,
8,
10,
8,
10,
8,
10,
8,
10,
8,
10,
5,
7,
5,
7,
12,
14,
12,
14,
12,
14,
8,
10,
14,
16,
10,
12,
9,
11,
10,
12,
10,
12,
9,
11,
8,
10,
11,
13,
11,
13,
5,
7,
5,
7,
9,
11,
7,
9,
13,
15,
11,
13,
11,
13,
9,
11,
11,
13,
9,
11,
9,
11,
9,
11,
10,
12,
10,
12,
14,
16,
9,
11,
9,
11,
9,
11,
5,
7,
5,
7,
5,
7,
14,
16,
8,
10,
8,
10,
9,
11,
9,
11,
8,
10,
9,
11,
8,
10,
6,
8,
9,
11,
9,
11,
4,
6,
4,
6,
8,
10,
4,
6,
13,
15,
9,
11,
9,
11,
9,
11,
9,
11,
7,
9,
8,
10,
6,
8,
9,
11,
8,
10,
11,
13,
8,
10,
8,
10,
8,
10,
8,
10,
8,
10,
8,
10,
12,
14,
9,
11,
9,
11,
9,
11,
5,
7,
8,
10,
7,
9,
14,
16,
8,
10,
8,
10,
8,
10,
18,
20,
9,
11,
5,
7,
14,
16,
9,
11,
9,
11,
9,
11,
9,
11,
5,
7,
5,
7,
7,
9,
7,
9,
9,
11,
8,
10,
14,
16,
8,
10,
12,
14,
8,
10,
5,
7,
13,
15,
9,
11,
8,
10,
9,
11,
8,
10,
5,
7,
8,
10,
8,
10,
9,
11,
8,
10,
8,
10,
8,
10,
8,
10,
12,
14,
7,
9,
7,
9,
12,
14,
5,
7,
12,
14,
8,
10,
5,
7,
12,
14,
6,
8,
6,
8,
8,
10,
8,
10,
8,
10,
5,
7,
8,
10,
6,
8,
7,
9,
7,
9,
12,
14,
12,
14,
12,
14,
8,
10,
10,
12,
10,
12,
10,
12,
8,
10,
10,
12,
9,
11,
14,
16,
9,
11,
10,
12,
10,
12,
10,
12,
10,
12,
12,
14,
10,
12,
11,
13,
10,
12,
9,
11,
10,
12,
9,
11,
9,
11,
13,
15,
9,
11,
11,
13,
9,
11,
14,
16,
14,
16,
12,
14,
12,
14,
10,
12,
11,
13,
14,
16,
10,
12,
8,
10,
9,
11,
8,
10,
6,
8,
9,
11,
8,
10,
11,
13,
7,
9,
8,
10,
8,
10,
9,
11,
8,
10,
10,
12,
9,
11,
9,
11,
8,
10,
8,
10,
8,
10,
7,
9,
9,
11,
12,
14,
8,
10,
9,
11,
8,
10,
11,
13,
11,
13,
9,
11,
10,
12,
8,
10,
8,
10,
11,
13,
8,
10,
