11,
13,
11,
13,
11,
13,
11,
13,
11,
13,
11,
13,
11,
13,
11,
13,
11,
13,
11,
13,
11,
13,
11,
13,
11,
13,
11,
13,
11,
13,
11,
13,
11,
13,
11,
13,
11,
13,
11,
13,
11,
13,
11,
13,
11,
13,
11,
13,
11,
13,
11,
13,
11,
13,
11,
13,
11,
13,
11,
13,
11,
13,
11,
13,
6,
8,
6,
8,
6,
8,
13,
15,
10,
12,
15,
17,
12,
14,
3,
5,
6,
8,
6,
8,
9,
11,
14,
16,
6,
8,
6,
8,
6,
8,
5,
7,
10,
12,
10,
12,
10,
12,
10,
12,
10,
12,
10,
12,
10,
12,
10,
12,
10,
12,
10,
12,
6,
8,
6,
8,
14,
16,
14,
16,
14,
16,
9,
11,
17,
19,
12,
14,
11,
13,
12,
14,
12,
14,
11,
13,
10,
12,
13,
15,
13,
15,
6,
8,
6,
8,
11,
13,
9,
11,
15,
17,
13,
15,
13,
15,
10,
12,
13,
15,
11,
13,
10,
12,
10,
12,
12,
14,
12,
14,
16,
18,
11,
13,
11,
13,
11,
13,
6,
8,
5,
7,
6,
8,
17,
19,
9,
11,
9,
11,
11,
13,
11,
13,
9,
11,
11,
13,
10,
12,
7,
9,
11,
13,
10,
12,
5,
7,
5,
7,
10,
12,
5,
7,
16,
18,
11,
13,
10,
12,
11,
13,
11,
13,
8,
10,
9,
11,
7,
9,
11,
13,
9,
11,
13,
15,
10,
12,
10,
12,
9,
11,
9,
11,
9,
11,
9,
11,
14,
16,
11,
13,
11,
13,
11,
13,
6,
8,
10,
12,
8,
10,
17,
19,
9,
11,
9,
11,
9,
11,
22,
24,
10,
12,
6,
8,
17,
19,
11,
13,
11,
13,
11,
13,
11,
13,
6,
8,
6,
8,
8,
10,
8,
10,
10,
12,
9,
11,
17,
19,
9,
11,
14,
16,
9,
11,
6,
8,
16,
18,
11,
13,
9,
11,
11,
13,
10,
12,
6,
8,
10,
12,
10,
12,
11,
13,
10,
12,
9,
11,
9,
11,
9,
11,
14,
16,
8,
10,
8,
10,
14,
16,
6,
8,
14,
16,
9,
11,
6,
8,
14,
16,
7,
9,
7,
9,
9,
11,
10,
12,
9,
11,
6,
8,
9,
11,
7,
9,
8,
10,
8,
10,
15,
17,
15,
17,
15,
17,
9,
11,
12,
14,
10,
12,
10,
12,
8,
10,
12,
14,
9,
11,
16,
18,
10,
12,
10,
12,
10,
12,
10,
12,
11,
13,
13,
15,
10,
12,
12,
14,
10,
12,
9,
11,
11,
13,
9,
11,
11,
13,
14,
16,
11,
13,
12,
14,
10,
12,
14,
16,
16,
18,
13,
15,
13,
15,
9,
11,
11,
13,
16,
18,
10,
12,
9,
11,
10,
12,
9,
11,
7,
9,
10,
12,
9,
11,
14,
16,
8,
10,
9,
11,
8,
10,
9,
11,
9,
11,
10,
12,
9,
11,
10,
12,
8,
10,
9,
11,
9,
11,
8,
10,
9,
11,
13,
15,
10,
12,
9,
11,
9,
11,
13,
15,
14,
16,
10,
12,
11,
13,
8,
10,
9,
11,
13,
15,
9,
11,
