17,
19,
17,
19,
17,
19,
17,
19,
17,
19,
17,
19,
17,
19,
17,
19,
17,
19,
17,
19,
17,
19,
17,
19,
17,
19,
17,
19,
17,
19,
17,
19,
17,
19,
17,
19,
17,
19,
17,
19,
17,
19,
17,
19,
17,
19,
17,
19,
17,
19,
17,
19,
17,
19,
17,
19,
17,
19,
17,
19,
17,
19,
17,
19,
12,
14,
12,
14,
11,
13,
11,
13,
11,
13,
18,
20,
17,
19,
6,
8,
8,
10,
7,
9,
8,
10,
10,
12,
6,
8,
8,
10,
6,
8,
12,
14,
17,
19,
8,
10,
12,
14,
12,
14,
13,
15,
12,
14,
12,
14,
12,
14,
11,
13,
12,
14,
6,
8,
8,
10,
9,
11,
9,
11,
9,
11,
12,
14,
17,
19,
18,
20,
12,
14,
15,
17,
15,
17,
12,
14,
12,
14,
14,
16,
14,
16,
7,
9,
7,
9,
14,
16,
11,
13,
17,
19,
15,
17,
17,
19,
12,
14,
17,
19,
15,
17,
11,
13,
16,
18,
18,
20,
18,
20,
24,
26,
18,
20,
18,
20,
13,
15,
7,
9,
12,
14,
7,
9,
8,
10,
10,
12,
7,
9,
14,
16,
11,
13,
11,
13,
13,
15,
9,
11,
10,
12,
11,
13,
11,
13,
6,
8,
6,
8,
11,
13,
10,
12,
15,
17,
13,
15,
13,
15,
10,
12,
14,
16,
13,
15,
9,
11,
14,
16,
15,
17,
15,
17,
20,
22,
14,
16,
14,
16,
12,
14,
9,
11,
4,
6,
10,
12,
9,
11,
17,
19,
17,
19,
17,
19,
17,
19,
17,
19,
17,
19,
17,
19,
17,
19,
17,
19,
17,
19,
17,
19,
17,
19,
17,
19,
17,
19,
17,
19,
17,
19,
17,
19,
17,
19,
7,
9,
7,
9,
17,
19,
17,
19,
17,
19,
17,
19,
17,
19,
17,
19,
17,
19,
17,
19,
17,
19,
17,
19,
17,
19,
17,
19,
17,
19,
12,
14,
12,
14,
10,
12,
12,
14,
11,
13,
17,
19,
4,
6,
10,
12,
9,
11,
16,
18,
12,
14,
11,
13,
15,
17,
8,
10,
17,
19,
8,
10,
9,
11,
11,
13,
9,
11,
9,
11,
7,
9,
19,
21,
11,
13,
11,
13,
12,
14,
5,
7,
11,
13,
11,
13,
16,
18,
16,
18,
18,
20,
12,
14,
18,
20,
10,
12,
11,
13,
11,
13,
15,
17,
11,
13,
19,
21,
11,
13,
14,
16,
14,
16,
13,
15,
17,
19,
16,
18,
13,
15,
16,
18,
12,
14,
11,
13,
14,
16,
15,
17,
17,
19,
17,
19,
17,
19,
14,
16,
11,
13,
18,
20,
19,
21,
12,
14,
16,
18,
11,
13,
12,
14,
20,
22,
14,
16,
13,
15,
9,
11,
10,
12,
9,
11,
12,
14,
8,
10,
15,
17,
10,
12,
12,
14,
12,
14,
10,
12,
14,
16,
14,
16,
10,
12,
12,
14,
10,
12,
9,
11,
10,
12,
13,
15,
13,
15,
14,
16,
13,
15,
12,
14,
9,
11,
15,
17,
17,
19,
11,
13,
13,
15,
9,
11,
11,
13,
16,
18,
12,
14,
